14
14 0.00000
-0.00000 0.10
0.94246 0.10
1.25667 0.10
1.57080 0.10
2.19914 0.10
2.51325 0.10
2.82746 0.10
3.14159 0.10
3.45572 0.10
3.76993 0.10
4.08405 0.10
4.71239 0.10
5.02652 0.10
5.34073 0.10
8 0.31413
0.62826 0.10
0.94254 0.10
2.19905 0.10
2.51334 0.10
3.76985 0.10
4.08413 0.10
5.34064 0.10
5.65493 0.10
4 0.31413
-0.00000 0.10
1.57080 0.10
3.14159 0.10
4.71239 0.10
8 0.31414
0.31417 0.10
1.25663 0.10
1.88497 0.10
2.82742 0.10
3.45576 0.10
4.39822 0.10
5.02656 0.10
5.96902 0.10
4 0.53922
0.84311 0.10
2.29848 0.10
3.98470 0.10
5.44008 0.10
4 0.60505
1.19742 0.10
1.94417 0.10
4.33902 0.10
5.08576 0.10
4 0.62834
-0.00000 0.10
1.57080 0.10
3.14159 0.10
4.71239 0.10
4 0.73821
0.66957 0.10
2.47202 0.10
3.81116 0.10
5.61362 0.10
4 0.88546
1.06835 0.10
2.07324 0.10
4.20994 0.10
5.21484 0.10
4 0.88560
0.38796 0.10
2.75363 0.10
3.52955 0.10
5.89523 0.10
4 0.94246
-0.00000 0.10
1.57080 0.10
3.14159 0.10
4.71239 0.10
4 1.13325
0.75736 0.10
2.38423 0.10
3.89895 0.10
5.52583 0.10
4 1.25667
-0.00000 0.10
1.57080 0.10
3.14159 0.10
4.71239 0.10
1 1.57080
0.00000 0.10
